-1.000000
-1990.000000
-3968.000000
-5924.000000
-7880.000000
-9836.000000
-11803.000000
-13748.000000
-15726.000000
-17649.000000
-19572.000000
-21517.000000
-23440.000000
-25363.000000
-27231.000000
-29165.000000
-31077.000000
-32934.000000
-34824.000000
-36714.000000
-38582.000000
-40417.000000
-42274.000000
-44142.000000
-45933.000000
-47768.000000
-49625.000000
-51350.000000
-53152.000000
-54877.000000
-56613.000000
-58393.000000
-60118.000000
-61799.000000
-63491.000000
-65238.000000
-66875.000000
-68501.000000
-70039.000000
-71577.000000
-73247.000000
-74642.000000
-76268.000000
-77696.000000
-79267.000000
-80794.000000
-82244.000000
-83815.000000
-85265.000000
-86572.000000
-88000.000000
-89340.000000
-90702.000000
-92174.000000
-93569.000000
-94942.000000
-96227.000000
-97490.000000
-98841.000000
-100049.000000
-101290.000000
-102531.000000
-103618.000000
-104826.000000
-106100.000000
-107341.000000
-108516.000000
-109702.000000
-110921.000000
-112206.000000
-113436.000000
-114600.000000
-115786.000000
-116961.000000
-118147.000000
-119300.000000
-120442.000000
-121518.000000
-122638.000000
-123901.000000
-125054.000000
-126240.000000
-127503.000000
-128568.000000
-129776.000000
-130962.000000
-132060.000000
-133191.000000
-134344.000000
-135420.000000
-136529.000000
-137649.000000
-138725.000000
-139845.000000
-140932.000000
-141997.000000
-143106.000000
-144149.000000
-145280.000000
-146312.000000
-147410.000000
-148497.000000
-149628.000000
-150704.000000
-151791.000000
-152922.000000
-154009.000000
-155008.000000
-156073.000000
-157204.000000
-158302.000000
-159378.000000
-160399.000000
-161519.000000
-162639.000000
-163682.000000
-164692.000000
-165801.000000
-166844.000000
-167898.000000
-168952.000000
-170072.000000
-171137.000000
-172213.000000
-173311.000000
-174431.000000
-175551.000000
-176649.000000
-177571.000000
-178702.000000
-179844.000000
-180876.000000
-181919.000000
-182973.000000
-184082.000000
-185257.000000
-186333.000000
-187354.000000
-188551.000000
-189671.000000
-190747.000000
-191779.000000
-192855.000000
-193964.000000
-195029.000000
-196094.000000
-197159.000000
-198356.000000
-199432.000000
-200486.000000
-201628.000000
-202770.000000
-203824.000000
-204867.000000
-205921.000000
-206964.000000
-208062.000000
-209116.000000
-210214.000000
-211301.000000
-212498.000000
-213552.000000
-214672.000000
-215737.000000
-216835.000000
-217856.000000
-219009.000000
-220085.000000
-221205.000000
-222391.000000
-223478.000000
-224587.000000
-225586.000000
-226673.000000
-227804.000000
-228858.000000
-229945.000000
-231054.000000
-232218.000000
-233382.000000
-234469.000000
-235567.000000
-236632.000000
-237741.000000
-238894.000000
-240058.000000
-241189.000000
-242254.000000
-243308.000000
-244351.000000
-245383.000000
-246481.000000
-247480.000000
-248589.000000
-249588.000000
-250609.000000
-251674.000000
-252761.000000
-253804.000000
-254836.000000
-255989.000000
-257065.000000
-258141.000000
-259162.000000
-260326.000000
-261391.000000
-262412.000000
-263444.000000
-264542.000000
-265662.000000
-266716.000000
-267847.000000
-268945.000000
-269988.000000
-271009.000000
-272096.000000
-273216.000000
-274215.000000
-275324.000000
-276400.000000
-277509.000000
-278552.000000
-279584.000000
-280638.000000
-281714.000000
-282823.000000
-283844.000000
-284964.000000
-286051.000000
-287182.000000
-288170.000000
-289224.000000
-290333.000000
-291376.000000
-292496.000000
-293572.000000
-294780.000000
-295845.000000
-296998.000000
-298085.000000
-299084.000000
-300149.000000
-301225.000000
-302422.000000
-303498.000000
-304585.000000
-305727.000000
-306825.000000
-307923.000000
-308966.000000
-310020.000000
-311107.000000
-312084.000000
-313182.000000
-314236.000000
-315312.000000
-316421.000000
-317563.000000
-318584.000000
-319781.000000
-320868.000000
-321955.000000
-323042.000000
-324052.000000
-325161.000000
-326204.000000
-327302.000000
-328367.000000
-329366.000000
-330442.000000
-331540.000000
-332550.000000
-333549.000000
-334592.000000
-335657.000000
-336711.000000
-337853.000000
-338995.000000
-340104.000000
-341136.000000
-342135.000000
-343233.000000
-344243.000000
-345275.000000
-346329.000000
-347460.000000
-348646.000000
-349766.000000
-350864.000000
-351951.000000
-353005.000000
-354235.000000
-355278.000000
-356343.000000
-357474.000000
-358616.000000
-359593.000000
-360691.000000
-361855.000000
-362909.000000
-363941.000000
-364995.000000
-366104.000000
-367191.000000
-368190.000000
-369398.000000
-370441.000000
-371506.000000
-372604.000000
-373691.000000
-374822.000000
-375931.000000
-377029.000000
-378006.000000
-379038.000000
-380202.000000
-381377.000000
-382420.000000
-383496.000000
-384473.000000
-385516.000000
-386647.000000
-387646.000000
-388700.000000
-389710.000000
-390742.000000
-391730.000000
-392872.000000
-393937.000000
-395068.000000
-396210.000000
-397220.000000
-398329.000000
-399449.000000
-400547.000000
-401656.000000
-402666.000000
-403742.000000
-404818.000000
-405839.000000
-406926.000000
-408079.000000
-409298.000000
-410407.000000
-411428.000000
-412493.000000
-413602.000000
-414689.000000
-415699.000000
-416709.000000
-417796.000000
-418850.000000
-419992.000000
-421156.000000
-422221.000000
-423297.000000
-424439.000000
-425559.000000
-426635.000000
-427689.000000
-428809.000000
-429907.000000
-431005.000000
-432103.000000
-433146.000000
-434211.000000
-435320.000000
-436374.000000
-437483.000000
-438570.000000
-439723.000000
-440832.000000
-441963.000000
-443017.000000
-444038.000000
-445103.000000
-446223.000000
-447321.000000
-448375.000000
-449561.000000
-450615.000000
-451702.000000
-452778.000000
-453876.000000
-454996.000000
-456050.000000
-457060.000000
-458125.000000
-459267.000000
-460310.000000
-461485.000000
-462583.000000
-463659.000000
-464834.000000
-465910.000000
-466953.000000
-468018.000000
-469105.000000
-470192.000000
-471257.000000
-472366.000000
-473442.000000
-474463.000000
-475539.000000
-476615.000000
-477647.000000
-478767.000000
-479898.000000
-480941.000000
-481995.000000
-483082.000000
-484136.000000
-485190.000000
-486244.000000
-487309.000000
-488451.000000
-489527.000000
-490614.000000
-491613.000000
-492766.000000
-493875.000000
-494852.000000
-495862.000000
-497004.000000
-498190.000000
-499145.000000
-500221.000000
-501275.000000
-502296.000000
-503471.000000
-504558.000000
-505601.000000
-506743.000000
-507786.000000
-508807.000000
-509894.000000
-510860.000000
-511958.000000
-513056.000000
-514121.000000
-515175.000000
-516284.000000
-517371.000000
-518491.000000
-519578.000000
-520676.000000
-521774.000000
-522894.000000
-523882.000000
-525035.000000
-526089.000000
-527198.000000
-528384.000000
-529361.000000
-530426.000000
-531447.000000
-532523.000000
-533533.000000
-534763.000000
-535872.000000
-536926.000000
-538057.000000
-539155.000000
-540253.000000
-541428.000000
-542438.000000
-543591.000000
-544579.000000
-545688.000000
-546830.000000
-547884.000000
-548872.000000
-550025.000000
-551134.000000
-552155.000000
-553154.000000
-554252.000000
-555273.000000
-556316.000000
-557414.000000
-558457.000000
-559610.000000
-560818.000000
-561905.000000
-563113.000000
-564156.000000
-565232.000000
-566319.000000
-567406.000000
-568493.000000
-569547.000000
-570656.000000
-571743.000000
-572797.000000
-573928.000000
-575015.000000
-576168.000000
-577178.000000
-578232.000000
-579396.000000
-580428.000000
-581482.000000
-582481.000000
-583535.000000
-584677.000000
-585797.000000
-586862.000000
-587982.000000
-589146.000000
-590244.000000
-591331.000000
-592231.000000
-593329.000000
-594427.000000
-595569.000000
-596656.000000
-597776.000000
-598797.000000
-599873.000000
-600971.000000
-602025.000000
-603189.000000
-604155.000000
-605209.000000
-606351.000000
-607361.000000
-608382.000000
-609601.000000
-610666.000000
-611720.000000
-612774.000000
-613740.000000
-614816.000000
-615980.000000
-617034.000000
-618187.000000
-619142.000000
-620207.000000
-621250.000000
-622348.000000
-623402.000000
-624445.000000
-625576.000000
-626696.000000
-627728.000000
-628848.000000
-629935.000000
-631022.000000
-632076.000000
-633207.000000
-634371.000000
-635458.000000
-636479.000000
-637478.000000
-638675.000000
-639696.000000
-640761.000000
-641848.000000
-642880.000000
-644044.000000
-645098.000000
-646273.000000
-647371.000000
-648447.000000
-649611.000000
-650610.000000
-651719.000000
-652806.000000
-653849.000000
-654914.000000
-656012.000000
-657099.000000
-658164.000000
-659273.000000
-660382.000000
-661447.000000
-662523.000000
-663566.000000
-664664.000000
-665773.000000
-666827.000000
-667903.000000
-668957.000000
-670011.000000
-671087.000000
-672152.000000
-673228.000000
-674315.000000
-675281.000000
-676324.000000
-677389.000000
-678454.000000
-679541.000000
-680617.000000
-681770.000000
-682824.000000
-683922.000000
-685009.000000
-686151.000000
-687315.000000
-688435.000000
-689511.000000
-690620.000000
-691663.000000
-692816.000000
-693815.000000
-694869.000000
-695989.000000
-697109.000000
-698130.000000
-699239.000000
-700348.000000
-701413.000000
-702621.000000
-703686.000000
-704707.000000
-705783.000000
-706727.000000
-707715.000000
-708802.000000
-709812.000000
-710800.000000
-711865.000000
-712996.000000
-714061.000000
-715137.000000
-716224.000000
-717300.000000
-718387.000000
-719397.000000
-720418.000000
-721505.000000
-722614.000000
-723690.000000
-724711.000000
-725842.000000
-726863.000000
-727961.000000
-729037.000000
-730113.000000
-731156.000000
-732254.000000
-733418.000000
-734516.000000
-735647.000000
-736723.000000
-737700.000000
-738820.000000
-739929.000000
-741038.000000
-742114.000000
-743201.000000
-744255.000000
-745397.000000
-746484.000000
-747505.000000
-748625.000000
-749723.000000
-750854.000000
-751963.000000
-753072.000000
-754192.000000
-755290.000000
-756421.000000
-757475.000000
-758474.000000
-759605.000000
-760747.000000
-761823.000000
-762833.000000
-763953.000000
-765051.000000
-766182.000000
-767280.000000
-768400.000000
-769509.000000
-770607.000000
-771639.000000
-772682.000000
-773780.000000
-774834.000000
-775866.000000
-776942.000000
-778073.000000
-779105.000000
-780203.000000
-781367.000000
-782410.000000
-783541.000000
-784650.000000
-785693.000000
-786769.000000
-787790.000000
-788921.000000
-789975.000000
-791150.000000
-792226.000000
-793324.000000
-794279.000000
-795421.000000
-796497.000000
-797606.000000
-798671.000000
-799791.000000
-800856.000000
-801932.000000
-803019.000000
-804051.000000
-805182.000000
-806357.000000
-807389.000000
-808520.000000
-809629.000000
-810672.000000
-811737.000000
-812879.000000
-813944.000000
-815031.000000
-816085.000000
-817106.000000
-818259.000000
-819368.000000
-820521.000000
-821652.000000
-822805.000000
-823936.000000
-825012.000000
-826198.000000
-827307.000000
-828427.000000
-829547.000000
-830612.000000
-831633.000000
-832775.000000
-833829.000000
-835004.000000
-836157.000000
-837299.000000
-838419.000000
-839506.000000
-840626.000000
-841713.000000
-842734.000000
-843854.000000
-844996.000000
-846138.000000
-847258.000000
-848290.000000
-849322.000000
-850431.000000
-851540.000000
-852583.000000
-853637.000000
-854702.000000
-855855.000000
-856942.000000
-858095.000000
-859226.000000
-860324.000000
-861312.000000
-862432.000000
-863464.000000
-864540.000000
-865616.000000
-866670.000000
-867724.000000
-868822.000000
-869854.000000
-870875.000000
-871951.000000
-873027.000000
-874114.000000
-875190.000000
-876332.000000
-877408.000000
-878517.000000
-879626.000000
-880713.000000
-881833.000000
-882975.000000
-884095.000000
-885149.000000
-886148.000000
-887213.000000
-888278.000000
-889343.000000
-890419.000000
-891462.000000
-892549.000000
-893669.000000
-894734.000000
-895898.000000
-896963.000000
-898072.000000
-899170.000000
-900246.000000
-901388.000000
-902398.000000
-903485.000000
-904539.000000
-905659.000000
-906779.000000
-907910.000000
-908986.000000
-910117.000000
-911215.000000
-912291.000000
-913312.000000
-914421.000000
-915442.000000
-916518.000000
-917583.000000
-918604.000000
-919658.000000
-920712.000000
-921799.000000
-922886.000000
-923962.000000
-925016.000000
-926037.000000
-927168.000000
-928255.000000
-929320.000000
-930363.000000
-931450.000000
-932548.000000
-933745.000000
-934810.000000
-935908.000000
-937017.000000
-938137.000000
-939125.000000
-940212.000000
-941277.000000
-942386.000000
-943418.000000
-944461.000000
-945559.000000
-946613.000000
-947755.000000
-948897.000000
-949951.000000
-951016.000000
-952136.000000
-953135.000000
-954233.000000
-955276.000000
-956352.000000
-957461.000000
-958482.000000
-959503.000000
-960645.000000
-961688.000000
-962863.000000
-963972.000000
-965125.000000
-966234.000000
-967321.000000
-968441.000000
-969561.000000
-970582.000000
-971702.000000
-972822.000000
-973953.000000
-975117.000000
-976215.000000
-977401.000000
-978510.000000
-979564.000000
-980739.000000
-981727.000000
-982814.000000
-983901.000000
-984922.000000
-986031.000000
-987063.000000
-988205.000000
-989347.000000
-990555.000000
-991620.000000
-992707.000000
-993717.000000
-994771.000000
-995869.000000
-996857.000000
-997911.000000
-998932.000000
-1000019.000000
-1001150.000000
-1002270.000000
-1003346.000000
-1004400.000000
-1005498.000000
-1006596.000000
-1007650.000000
-1008704.000000
-1009868.000000
-1010944.000000
-1012042.000000
-1013228.000000
-1014271.000000
-1015347.000000
-1016467.000000
-1017499.000000
-1018531.000000
-1019574.000000
-1020573.000000
-1021693.000000
-1022824.000000
-1023878.000000
-1024965.000000
-1026074.000000
-1027161.000000
-1028292.000000
-1029390.000000
-1030444.000000
-1031476.000000
-1032629.000000
-1033716.000000
-1034781.000000
-1035967.000000
-1037054.000000
-1038130.000000
-1039173.000000
-1040238.000000
-1041314.000000
-1042280.000000
-1043345.000000
-1044498.000000
-1045629.000000
-1046584.000000
-1047704.000000
-1048802.000000
-1049889.000000
-1050998.000000
-1052008.000000
-1053139.000000
-1054314.000000
-1055335.000000
-1056422.000000
-1057531.000000
-1058607.000000
-1059672.000000
-1060814.000000
-1061791.000000
-1062878.000000
-1063932.000000
-1065041.000000
-1066150.000000
-1067204.000000
-1068280.000000
-1069345.000000
-1070410.000000
-1071431.000000
-1072496.000000
-1073616.000000
-1074692.000000
-1075757.000000
-1076844.000000
-1077898.000000
-1079007.000000
-1080094.000000
-1081170.000000
-1082235.000000
-1083322.000000
-1084310.000000
-1085408.000000
-1086528.000000
-1087571.000000
-1088647.000000
-1089668.000000
-1090733.000000
-1091864.000000
-1092885.000000
-1093939.000000
-1095048.000000
-1096058.000000
-1097112.000000
-1098243.000000
-1099308.000000
-1100417.000000
-1101449.000000
-1102558.000000
-1103612.000000
-1104721.000000
-1105775.000000
-1106851.000000
-1107894.000000
-1108926.000000
-1109991.000000
-1111078.000000
-1112220.000000
-1113296.000000
-1114482.000000
-1115591.000000
-1116689.000000
-1117842.000000
-1118929.000000
-1120027.000000
-1121125.000000
-1122157.000000
-1123244.000000
-1124298.000000
-1125396.000000
-1126560.000000
-1127537.000000
-1128657.000000
-1129722.000000
-1130842.000000
-1131940.000000
-1132928.000000
-1134004.000000
-1135124.000000
-1136266.000000
-1137353.000000
-1138484.000000
-1139560.000000
-1140724.000000
-1141822.000000
-1142964.000000
-1143963.000000
-1145050.000000
-1146148.000000
-1147257.000000
-1148410.000000
-1149497.000000
-1150650.000000
-1151726.000000
-1152890.000000
-1154021.000000
-1155174.000000
-1156184.000000
-1157315.000000
-1158457.000000
-1159544.000000
-1160620.000000
-1161685.000000
-1162761.000000
-1163837.000000
-1165012.000000
-1166000.000000
-1167098.000000
-1168207.000000
-1169261.000000
-1170249.000000
-1171270.000000
-1172368.000000
-1173389.000000
-1174498.000000
-1175662.000000
-1176738.000000
-1177869.000000
-1178868.000000
-1179988.000000
-1181108.000000
-1182250.000000
-1183304.000000
-1184380.000000
-1185500.000000
-1186576.000000
-1187652.000000
-1188750.000000
-1189903.000000
-1190957.000000
-1191956.000000
-1193021.000000
-1194097.000000
-1195129.000000
-1196249.000000
-1197336.000000
-1198445.000000
-1199532.000000
-1200696.000000
-1201728.000000
-1202804.000000
-1203880.000000
-1204934.000000
-1205999.000000
-1207119.000000
-1208250.000000
-1209260.000000
-1210347.000000
-1211401.000000
-1212466.000000
-1213619.000000
-1214684.000000
-1215661.000000
-1216814.000000
-1217879.000000
-1219065.000000
-1220141.000000
-1221261.000000
-1222392.000000
-1223490.000000
-1224632.000000
-1225763.000000
-1226861.000000
-1228014.000000
-1229068.000000
-1230254.000000
-1231187.000000
-1232252.000000
-1233350.000000
-1234404.000000
-1235436.000000
-1236512.000000
-1237544.000000
-1238631.000000
-1239751.000000
-1240838.000000
-1241925.000000
-1243034.000000
-1244110.000000
-1245263.000000
-1246372.000000
-1247415.000000
-1248535.000000
-1249578.000000
-1250577.000000
-1251708.000000
-1252883.000000
-1253926.000000
-1254947.000000
-1256045.000000
-1257088.000000
-1258175.000000
-1259273.000000
-1260437.000000
-1261381.000000
-1262457.000000
-1263533.000000
-1264609.000000
-1265729.000000
-1266761.000000
-1267947.000000
-1269122.000000
-1270187.000000
-1271395.000000
-1272493.000000
-1273536.000000
-1274623.000000
-1275809.000000
-1276819.000000
-1277873.000000
-1279004.000000
-1280135.000000
-1281189.000000
-1282298.000000
-1283385.000000
-1284450.000000
-1285515.000000
-1286635.000000
-1287711.000000
-1288776.000000
-1289830.000000
-1290983.000000
-1291916.000000
-1293003.000000
-1294057.000000
-1294990.000000
-1296110.000000
-1297263.000000
-1298372.000000
-1299459.000000
-1300557.000000
-1301699.000000
-1302775.000000
-1303851.000000
-1304938.000000
-1305893.000000
-1307013.000000
-1308023.000000
-1309132.000000
-1310208.000000
-1311174.000000
-1312239.000000
-1313348.000000
-1314413.000000
-1315489.000000
-1316587.000000
-1317619.000000
-1318673.000000
-1319705.000000
-1320847.000000
-1321868.000000
-1322966.000000
-1324020.000000
-1325239.000000
-1326381.000000
-1327490.000000
-1328588.000000
-1329730.000000
-1330740.000000
-1331871.000000
-1332991.000000
-1334122.000000
-1335297.000000
-1336428.000000
-1337548.000000
-1338679.000000
-1339766.000000
-1340853.000000
-1341962.000000
-1343038.000000
-1344158.000000
-1345223.000000
-1346288.000000
-1347463.000000
-1348462.000000
-1349494.000000
-1350713.000000
-1351778.000000
-1352832.000000
-1353919.000000
-1354929.000000
-1356005.000000
-1357081.000000
-1358080.000000
-1359156.000000
-1360276.000000
-1361341.000000
-1362472.000000
-1363581.000000
-1364635.000000
-1365744.000000
-1366919.000000
-1367973.000000
-1369027.000000
-1370169.000000
-1371201.000000
-1372211.000000
-1373232.000000
-1374429.000000
-1375450.000000
-1376526.000000
-1377635.000000
-1378766.000000
-1379908.000000
-1381039.000000
-1382060.000000
-1383191.000000
-1384256.000000
-1385365.000000
-1386441.000000
-1387561.000000
-1388703.000000
-1389702.000000
-1390756.000000
-1391865.000000
-1392974.000000
-1394105.000000
-1395181.000000
-1396279.000000
-1397388.000000
-1398332.000000
-1399408.000000
-1400440.000000
-1401571.000000
-1402680.000000
-1403822.000000
-1404876.000000
-1406029.000000
-1407094.000000
-1408181.000000
-1409323.000000
-1410377.000000
-1411475.000000
-1412551.000000
-1413715.000000
-1414890.000000
-1415867.000000
-1416965.000000
-1418085.000000
-1419128.000000
-1420204.000000
-1421313.000000
-1422433.000000
-1423465.000000
-1424508.000000
-1425683.000000
-1426737.000000
-1427857.000000
-1428977.000000
-1430075.000000
-1431151.000000
-1432271.000000
-1433325.000000
-1434412.000000
-1435488.000000
-1436476.000000
-1437684.000000
-1438760.000000
-1439792.000000
-1440934.000000
-1442010.000000
-1443020.000000
-1444118.000000
-1445249.000000
-1446347.000000
-1447379.000000
-1448422.000000
-1449564.000000
-1450563.000000
-1451694.000000
-1452825.000000
-1453945.000000
-1455087.000000
-1456229.000000
-1457327.000000
-1458436.000000
-1459512.000000
-1460599.000000
-1461752.000000
-1462905.000000
-1463915.000000
-1464848.000000
-1465924.000000
-1466989.000000
-1468054.000000
-1469196.000000
-1470184.000000
-1471304.000000
-1472369.000000
-1473412.000000
-1474543.000000
-1475718.000000
-1476860.000000
-1477980.000000
-1479166.000000
-1480341.000000
-1481384.000000
-1482449.000000
-1483448.000000
-1484579.000000
-1485644.000000
-1486742.000000
-1487774.000000
-1488861.000000
-1489937.000000
-1490991.000000
-1492056.000000
-1493176.000000
-1494329.000000
-1495372.000000
-1496316.000000
-1497447.000000
-1498600.000000
-1499643.000000
-1500741.000000
-1501916.000000
-1502981.000000
-1504145.000000
-1505232.000000
-1506374.000000
-1507351.000000
-1508471.000000
-1509558.000000
-1510634.000000
-1511787.000000
-1512907.000000
-1513939.000000
-1515048.000000
-1516135.000000
-1517123.000000
-1518144.000000
-1519253.000000
-1520340.000000
-1521427.000000
-1522503.000000
-1523524.000000
-1524567.000000
-1525632.000000
-1526774.000000
-1527916.000000
-1529014.000000
-1530123.000000
-1531221.000000
-1532220.000000
-1533329.000000
-1534372.000000
-1535558.000000
-1536623.000000
-1537699.000000
-1538753.000000
-1539829.000000
-1540916.000000
-1542058.000000
-1543211.000000
-1544232.000000
-1545374.000000
-1546395.000000
-1547526.000000
-1548624.000000
-1549678.000000
-1550699.000000
-1551808.000000
-1552917.000000
-1554070.000000
-1555146.000000
-1556211.000000
-1557298.000000
-1558407.000000
-1559505.000000
-1560636.000000
-1561701.000000
-1562733.000000
-1563743.000000
-1564852.000000
-1565994.000000
-1567125.000000
-1568278.000000
-1569376.000000
-1570474.000000
-1571627.000000
-1572692.000000
-1573812.000000
-1574943.000000
-1576008.000000
-1577139.000000
-1578215.000000
-1579280.000000
-1580345.000000
-1581487.000000
-1582574.000000
-1583628.000000
-1584737.000000
-1585769.000000
-1586834.000000
-1587932.000000
-1589052.000000
-1590205.000000
-1591226.000000
-1592302.000000
-1593279.000000
-1594267.000000
-1595420.000000
-1596507.000000
-1597616.000000
-1598758.000000
-1599889.000000
-1600921.000000
-1602041.000000
-1603150.000000
-1604281.000000
-1605302.000000
-1606367.000000
-1607399.000000
-1608508.000000
-1609573.000000
-1610594.000000
-1611681.000000
-1612834.000000
-1613877.000000
-1614909.000000
-1615963.000000
-1617083.000000
-1618049.000000
-1619037.000000
-1620113.000000
-1621266.000000
-1622298.000000
-1623385.000000
-1624461.000000
-1625537.000000
-1626613.000000
-1627700.000000
-1628864.000000
-1629907.000000
-1631049.000000
-1632147.000000
-1633234.000000
-1634376.000000
-1635441.000000
-1636506.000000
-1637604.000000
-1638614.000000
-1639701.000000
-1640744.000000
-1641831.000000
-1643028.000000
-1644115.000000
-1645191.000000
-1646289.000000
-1647442.000000
-1648496.000000
-1649561.000000
-1650615.000000
-1651702.000000
-1652811.000000
-1653975.000000
-1655106.000000
-1656215.000000
-1657346.000000
-1658444.000000
-1659454.000000
-1660574.000000
-1661661.000000
-1662770.000000
-1663934.000000
-1665065.000000
-1666152.000000
-1667283.000000
-1668326.000000
-1669424.000000
-1670566.000000
-1671664.000000
-1672795.000000
-1673893.000000
-1674947.000000
-1676001.000000
-1677132.000000
-1678219.000000
-1679328.000000
-1680536.000000
-1681678.000000
-1682688.000000
-1683764.000000
-1684818.000000
-1685828.000000
-1686794.000000
-1687859.000000
-1688880.000000
-1690022.000000
-1690999.000000
-1692031.000000
-1693151.000000
-1694260.000000
-1695281.000000
-1696346.000000
-1697422.000000
-1698509.000000
-1699585.000000
-1700672.000000
-1701682.000000
-1702780.000000
-1703702.000000
-1704844.000000
-1705986.000000
-1707018.000000
-1708116.000000
-1709170.000000
-1710224.000000
-1711355.000000
-1712376.000000
-1713463.000000
-1714506.000000
-1715582.000000
-1716691.000000
-1717800.000000
-1718931.000000
-1719952.000000
-1720962.000000
-1722038.000000
-1723169.000000
-1724223.000000
-1725321.000000
-1726441.000000
-1727550.000000
-1728626.000000
-1729691.000000
-1730811.000000
-1731920.000000
-1732963.000000
-1734017.000000
-1735038.000000
-1736158.000000
-1737289.000000
-1738354.000000
-1739463.000000
-1740616.000000
-1741769.000000
-1742911.000000
-1743987.000000
-1745052.000000
-1746205.000000
-1747171.000000
-1748269.000000
-1749400.000000
-1750454.000000
-1751497.000000
-1752595.000000
-1753682.000000
-1754758.000000
-1755889.000000
-1756910.000000
-1757887.000000
-1758996.000000
-1760094.000000
-1761159.000000
-1762279.000000
-1763388.000000
-1764486.000000
-1765496.000000
-1766616.000000
-1767692.000000
-1768746.000000
-1769800.000000
-1770810.000000
-1771908.000000
-1772896.000000
-1773972.000000
-1775081.000000
-1776223.000000
-1777266.000000
-1778309.000000
-1779539.000000
-1780681.000000
-1781768.000000
-1782921.000000
-1784019.000000
-1785095.000000
-1786215.000000
-1787280.000000
-1788389.000000
-1789454.000000
-1790530.000000
-1791617.000000
-1792671.000000
-1793758.000000
-1794922.000000
-1795976.000000
-1797074.000000
-1798172.000000
-1799204.000000
-1800335.000000
-1801444.000000
-1802553.000000
-1803541.000000
-1804628.000000
-1805726.000000
-1806802.000000
-1807845.000000
-1808921.000000
-1809986.000000
-1810963.000000
-1812017.000000
-1813060.000000
-1814125.000000
-1815256.000000
-1816332.000000
-1817463.000000
-1818418.000000
-1819461.000000
-1820559.000000
-1821646.000000
-1822744.000000
-1823765.000000
-1824797.000000
-1825895.000000
-1827004.000000
-1828102.000000
-1829200.000000
-1830287.000000
-1831396.000000
-1832527.000000
-1833669.000000
-1834712.000000
-1835876.000000
-1836875.000000
-1837951.000000
-1839071.000000
-1840213.000000
-1841289.000000
-1842310.000000
-1843375.000000
-1844539.000000
-1845692.000000
-1846779.000000
-1847844.000000
-1848887.000000
-1850007.000000
-1851094.000000
-1852159.000000
-1853257.000000
-1854366.000000
-1855442.000000
-1856430.000000
-1857517.000000
-1858648.000000
-1859812.000000
-1860789.000000
-1861898.000000
-1862996.000000
-1864116.000000
-1865203.000000
-1866290.000000
-1867278.000000
-1868343.000000
-1869375.000000
-1870451.000000
-1871527.000000
-1872559.000000
-1873624.000000
-1874612.000000
-1875710.000000
-1876841.000000
-1877851.000000
-1878938.000000
-1880080.000000
-1881101.000000
-1882122.000000
-1883242.000000
-1884329.000000
-1885449.000000
-1886525.000000
-1887601.000000
-1888677.000000
-1889654.000000
-1890686.000000
-1891773.000000
-1892827.000000
-1893903.000000
-1895034.000000
-1896165.000000
-1897285.000000
-1898317.000000
-1899338.000000
-1900359.000000
-1901380.000000
-1902412.000000
-1903543.000000
-1904542.000000
-1905662.000000
-1906716.000000
-1907880.000000
-1908923.000000
-1910021.000000
-1911042.000000
-1912162.000000
-1913293.000000
-1914259.000000
-1915390.000000
-1916466.000000
-1917564.000000
-1918673.000000
-1919661.000000
-1920671.000000
-1921791.000000
-1922900.000000
-1924020.000000
-1925085.000000
-1926271.000000
-1927215.000000
-1928379.000000
-1929345.000000
-1930366.000000
-1931453.000000
-1932485.000000
-1933561.000000
-1934670.000000
-1935790.000000
-1936833.000000
-1937920.000000
-1939007.000000
-1940171.000000
-1941247.000000
-1942301.000000
-1943344.000000
-1944420.000000
-1945507.000000
-1946572.000000
-1947659.000000
-1948724.000000
-1949866.000000
-1950920.000000
-1952051.000000
-1953127.000000
-1954214.000000
-1955334.000000
-1956421.000000
-1957508.000000
-1958650.000000
-1959759.000000
-1960890.000000
-1961911.000000
-1963020.000000
-1964118.000000
-1965249.000000
-1966281.000000
-1967357.000000
-1968334.000000
-1969344.000000
-1970453.000000
-1971573.000000
-1972638.000000
-1973659.000000
-1974702.000000
-1975800.000000
-1976832.000000
-1977930.000000
-1978984.000000
-1980104.000000
-1981125.000000
-1982212.000000
-1983299.000000
-1984386.000000
-1985484.000000
-1986549.000000
-1987669.000000
-1988756.000000
-1989887.000000
-1990908.000000
-1992006.000000
-1993049.000000
-1994092.000000
-1995190.000000
-1996233.000000
-1997265.000000
-1998363.000000
-1999417.000000
-2000537.000000
-2001591.000000
-2002656.000000
-2003776.000000
-2004830.000000
-2005818.000000
-2006850.000000
-2007926.000000
-2008969.000000
-2010111.000000
-2011231.000000
-2012329.000000
-2013317.000000
-2014426.000000
-2015458.000000
-2016589.000000
-2017687.000000
-2018686.000000
-2019839.000000
-2020937.000000
-2022112.000000
-2023188.000000
-2024286.000000
-2025428.000000
-2026504.000000
-2027635.000000
-2028755.000000
-2029765.000000
-2030863.000000
-2031906.000000
-2032960.000000
-2034069.000000
-2035178.000000
-2036287.000000
-2037308.000000
-2038439.000000
-2039548.000000
-2040525.000000
-2041623.000000
-2042765.000000
-2043841.000000
-2044939.000000
-2046092.000000
-2047212.000000
-2048200.000000
-2049298.000000
-2050385.000000
-2051505.000000
-2052581.000000
-2053635.000000
-2054777.000000
-2055798.000000
-2056907.000000
-2058038.000000
-2059158.000000
-2060289.000000
-2061387.000000
-2062474.000000
-2063561.000000
-2064692.000000
-2065801.000000
-2066899.000000
-2067953.000000
-2069040.000000
-2070039.000000
-2071170.000000
-2072213.000000
-2073289.000000
-2074277.000000
-2075309.000000
-2076374.000000
-2077373.000000
-2078482.000000
-2079591.000000
-2080590.000000
-2081688.000000
-2082731.000000
-2083851.000000
-2084938.000000
-2086080.000000
-2087134.000000
-2088177.000000
-2089176.000000
-2090318.000000
-2091405.000000
-2092503.000000
-2093546.000000
-2094611.000000
-2095720.000000
-2096818.000000
-2097850.000000
-2098904.000000
-2099991.000000
-2101067.000000
-2102176.000000
-2103263.000000
-2104350.000000
-2105404.000000
-2106557.000000
-2107611.000000
-2108742.000000
-2109917.000000
-2111015.000000
-2111992.000000
-2113134.000000
-2114210.000000
-2115297.000000
-2116461.000000
-2117504.000000
-2118558.000000
-2119700.000000
-2120754.000000
-2121808.000000
-2122895.000000
-2123839.000000
-2124970.000000
-2126013.000000
-2127133.000000
-2128209.000000
-2129263.000000
-2130328.000000
-2131415.000000
-2132480.000000
-2133567.000000
-2134544.000000
-2135653.000000
-2136685.000000
-2137816.000000
-2138969.000000
-2140100.000000
-2141143.000000
-2142230.000000
-2143218.000000
-2144327.000000
-2145337.000000
-2146457.000000
-2147599.000000
-2148598.000000
-2149630.000000
-2150662.000000
-2151628.000000
-2152726.000000
-2153879.000000
-2155076.000000
-2156097.000000
-2157085.000000
-2158161.000000
-2159270.000000
-2160357.000000
-2161433.000000
-2162476.000000
-2163519.000000
-2164595.000000
-2165704.000000
-2166791.000000
-2167889.000000
-2168965.000000
-2169997.000000
-2171095.000000
-2172237.000000
-2173236.000000
-2174345.000000
-2175399.000000
-2176497.000000
-2177573.000000
-2178616.000000
-2179626.000000
-2180691.000000
-2181811.000000
-2182920.000000
-2184062.000000
-2185083.000000
-2186137.000000
-2187246.000000
-2188322.000000
-2189365.000000
-2190551.000000
-2191649.000000
-2192758.000000
-2193801.000000
-2194932.000000
-2196063.000000
-2197139.000000
-2198138.000000
-2199170.000000
-2200224.000000
-2201322.000000
-2202376.000000
-2203386.000000
-2204495.000000
-2205527.000000
-2206548.000000
-2207679.000000
-2208777.000000
-2209897.000000
-2210995.000000
-2211895.000000
-2213037.000000
-2214157.000000
-2215244.000000
-2216287.000000
-2217374.000000
-2218406.000000
-2219372.000000
-2220569.000000
-2221678.000000
-2222842.000000
-2223962.000000
-2224917.000000
-2226059.000000
-2227069.000000
-2228145.000000
-2229232.000000
-2230264.000000
-2231384.000000
-2232405.000000
-2233547.000000
-2234612.000000
-2235677.000000
-2236764.000000
-2237851.000000
-2238971.000000
-2239992.000000
-2241167.000000
-2242265.000000
-2243297.000000
-2244373.000000
-2245383.000000
-2246514.000000
-2247546.000000
-2248633.000000
-2249720.000000
-2250785.000000
-2251861.000000
-2252937.000000
-2254057.000000
-2255111.000000
-2256242.000000
-2257263.000000
-2258328.000000
-2259481.000000
-2260623.000000
-2261699.000000
-2262764.000000
-2263873.000000
-2264883.000000
-2265981.000000
-2267090.000000
-2268199.000000
-2269374.000000
-2270483.000000
-2271526.000000
-2272591.000000
-2273722.000000
-2274776.000000
-2275951.000000
-2277049.000000
-2278059.000000
-2279157.000000
-2280288.000000
-2281364.000000
-2282473.000000
-2283516.000000
-2284614.000000
-2285734.000000
-2286909.000000
-2287941.000000
-2288940.000000
-2289906.000000
-2291015.000000
-2292146.000000
-2293211.000000
-2294265.000000
-2295341.000000
-2296351.000000
-2297306.000000
-2298459.000000
-2299535.000000
-2300644.000000
-2301687.000000
-2302796.000000
-2303916.000000
-2305036.000000
-2306046.000000
-2307133.000000
-2308275.000000
-2309373.000000
-2310537.000000
-2311635.000000
-2312623.000000
-2313644.000000
-2314676.000000
-2315774.000000
-2316806.000000
-2317959.000000
-2319112.000000
-2320232.000000
-2321308.000000
-2322373.000000
-2323394.000000
-2324426.000000
-2325546.000000
-2326567.000000
-2327676.000000
-2328774.000000
-2329850.000000
-2330937.000000
-2331980.000000
-2333034.000000
-2334033.000000
-2335120.000000
-2336229.000000
-2337393.000000
-2338491.000000
-2339644.000000
-2340742.000000
-2341752.000000
-2342883.000000
-2343915.000000
-2344947.000000
-2345968.000000
-2347022.000000
-2348109.000000
-2349240.000000
-2350338.000000
-2351425.000000
-2352501.000000
-2353555.000000
-2354653.000000
-2355696.000000
-2356849.000000
-2357925.000000
-2359023.000000
-2360066.000000
-2361219.000000
-2362306.000000
-2363393.000000
-2364392.000000
-2365512.000000
-2366654.000000
-2367664.000000
-2368718.000000
-2369805.000000
-2370870.000000
-2371968.000000
-2373077.000000
-2374164.000000
-2375240.000000
-2376327.000000
-2377414.000000
-2378556.000000
-2379676.000000
-2380840.000000
-2381894.000000
-2382970.000000
-2384024.000000
-2385078.000000
-2386099.000000
-2387230.000000
-2388361.000000
-2389481.000000
-2390524.000000
-2391644.000000
-2392764.000000
-2393873.000000
-2394861.000000
-2395904.000000
-2396925.000000
-2398034.000000
-2399143.000000
-2400153.000000
-2401163.000000
-2402272.000000
-2403381.000000
-2404468.000000
-2405610.000000
-2406642.000000
-2407696.000000
-2408882.000000
-2409991.000000
-2411012.000000
-2412110.000000
-2413164.000000
-2414284.000000
-2415448.000000
-2416524.000000
-2417666.000000
-2418698.000000
-2419719.000000
-2420773.000000
-2421893.000000
-2423024.000000
-2424100.000000
-2425165.000000
-2426241.000000
-2427240.000000
-2428305.000000
-2429392.000000
-2430435.000000
-2431577.000000
-2432631.000000
-2433784.000000
-2434827.000000
-2435991.000000
-2436979.000000
-2437989.000000
-2439076.000000
-2440152.000000
-2441261.000000
-2442271.000000
-2443325.000000
-2444467.000000
-2445532.000000
-2446652.000000
-2447717.000000
-2448837.000000
-2449913.000000
-2451011.000000
-2452087.000000
-2453185.000000
-2454261.000000
-2455403.000000
-2456468.000000
-2457533.000000
-2458620.000000
-2459784.000000
-2460750.000000
-2461826.000000
-2462880.000000
-2463912.000000
-2465065.000000
-2466130.000000
-2467140.000000
-2468194.000000
-2469204.000000
-2470379.000000
-2471477.000000
-2472597.000000
-2473739.000000
-2474804.000000
-2475946.000000
-2477055.000000
-2478208.000000
-2479174.000000
-2480129.000000
-2481282.000000
-2482446.000000
-2483478.000000
-2484565.000000
-2485663.000000
-2486651.000000
-2487716.000000
-2488759.000000
-2489780.000000
-2490735.000000
-2491811.000000
-2492843.000000
-2493974.000000
-2495017.000000
-2496005.000000
-2497070.000000
-2498124.000000
-2499156.000000
-2500221.000000
-2501297.000000
-2502450.000000
-2503504.000000
-2504558.000000
-2505689.000000
-2506765.000000
-2507841.000000
-2508917.000000
-2509883.000000
-2510926.000000
-2511969.000000
-2513056.000000
-2514121.000000
-2515164.000000
-2516251.000000
-2517426.000000
-2518546.000000
-2519611.000000
-2520764.000000
-2521928.000000
-2522938.000000
-2523992.000000
-2525134.000000
-2526298.000000
-2527374.000000
-2528373.000000
-2529405.000000
-2530525.000000
-2531590.000000
-2532666.000000
-2533709.000000
-2534829.000000
-2535949.000000
-2536970.000000
-2537925.000000
-2539067.000000
-2540242.000000
-2541285.000000
-2542383.000000
-2543415.000000
-2544502.000000
-2545600.000000
-2546753.000000
-2547796.000000
-2548894.000000
-2550069.000000
-2551167.000000
-2552276.000000
-2553407.000000
-2554461.000000
-2555570.000000
-2556624.000000
-2557744.000000
-2558941.000000
-2559984.000000
-2561038.000000
-2562169.000000
-2563245.000000
-2564332.000000
-2565441.000000
-2566374.000000
-2567494.000000
-2568559.000000
-2569657.000000
-2570689.000000
-2571699.000000
-2572841.000000
-2574016.000000
-2575015.000000
-2575992.000000
-2577101.000000
-2578188.000000
-2579264.000000
-2580362.000000
-2581504.000000
-2582646.000000
-2583722.000000
-2584853.000000
-2585929.000000
-2586961.000000
-2588026.000000
-2589179.000000
-2590244.000000
-2591331.000000
-2592352.000000
-2593406.000000
-2594482.000000
-2595459.000000
-2596557.000000
-2597644.000000
-2598720.000000
-2599807.000000
-2600916.000000
-2601970.000000
-2603068.000000
-2604111.000000
-2605198.000000
-2606252.000000
-2607306.000000
-2608305.000000
-2609381.000000
-2610490.000000
-2611566.000000
-2612565.000000
-2613663.000000
-2614794.000000
-2615903.000000
-2616957.000000
-2618022.000000
-2619120.000000
-2620207.000000
-2621250.000000
-2622359.000000
-2623468.000000
-2624588.000000
-2625697.000000
-2626806.000000
-2627882.000000
-2628947.000000
-2630067.000000
-2631253.000000
-2632318.000000
-2633361.000000
-2634448.000000
-2635502.000000
-2636556.000000
-2637665.000000
-2638796.000000
-2639960.000000
-2641047.000000
-2642156.000000
-2643199.000000
-2644308.000000
-2645384.000000
-2646416.000000
-2647525.000000
-2648612.000000
-2649633.000000
-2650720.000000
-2651818.000000
-2652850.000000
-2653915.000000
-2654903.000000
-2656023.000000
-2657077.000000
-2658164.000000
-2659218.000000
-2660327.000000
-2661326.000000
-2662545.000000
-2663654.000000
-2664774.000000
-2665839.000000
-2666959.000000
-2668057.000000
-2669089.000000
-2670154.000000
-2671252.000000
-2672339.000000
-2673415.000000
-2674469.000000
-2675490.000000
-2676588.000000
-2677576.000000
-2678641.000000
-2679662.000000
-2680793.000000
-2681847.000000
-2682945.000000
-2684010.000000
-2685097.000000
-2686162.000000
-2687293.000000
-2688369.000000
-2689379.000000
-2690466.000000
-2691465.000000
-2692552.000000
-2693617.000000
-2694726.000000
-2695835.000000
-2696933.000000
-2698020.000000
-2699129.000000
-2700227.000000
-2701325.000000
-2702357.000000
-2703400.000000
-2704476.000000
-2705585.000000
-2706672.000000
-2707704.000000
-2708769.000000
-2709746.000000
-2710822.000000
-2711942.000000
-2713029.000000
-2714149.000000
-2715269.000000
-2716301.000000
-2717344.000000
-2718387.000000
-2719540.000000
-2720649.000000
-2721824.000000
-2722944.000000
-2724009.000000
-2725008.000000
-2726117.000000
-2727204.000000
-2728280.000000
-2729257.000000
-2730267.000000
-2731288.000000
-2732309.000000
-2733462.000000
-2734472.000000
-2735438.000000
-2736525.000000
-2737678.000000
-2738776.000000
-2739841.000000
-2740884.000000
-2741905.000000
-2743014.000000
-2744101.000000
-2745243.000000
-2746297.000000
-2747406.000000
-2748548.000000
-2749602.000000
-2750689.000000
-2751809.000000
-2752929.000000
-2754071.000000
-2755158.000000
-2756168.000000
-2757321.000000
-2758265.000000
-2759385.000000
-2760406.000000
-2761482.000000
-2762580.000000
-2763623.000000
-2764655.000000
-2765676.000000
-2766851.000000
-2767938.000000
-2769058.000000
-2770167.000000
-2771276.000000
-2772352.000000
-2773417.000000
-2774570.000000
-2775657.000000
-2776678.000000
-2777743.000000
-2778742.000000
-2779829.000000
-2780850.000000
-2781915.000000
-2782947.000000
-2784144.000000
-2785187.000000
-2786263.000000
-2787339.000000
-2788492.000000
-2789601.000000
-2790688.000000
-2791742.000000
-2792884.000000
-2793927.000000
-2794981.000000
-2796035.000000
-2797133.000000
-2798352.000000
-2799428.000000
-2800526.000000
-2801624.000000
-2802744.000000
-2803809.000000
-2804841.000000
-2805950.000000
-2806960.000000
-2808036.000000
-2809090.000000
-2810188.000000
-2811253.000000
-2812406.000000
-2813449.000000
-2814547.000000
-2815656.000000
-2816721.000000
-2817830.000000
-2818917.000000
-2819982.000000
-2821014.000000
-2822035.000000
-2823078.000000
-2824132.000000
-2825252.000000
-2826350.000000
-2827481.000000
-2828557.000000
-2829600.000000
-2830665.000000
-2831785.000000
-2832883.000000
-2833948.000000
-2834925.000000
-2835957.000000
-2837044.000000
-2838065.000000
-2839097.000000
-2840239.000000
-2841238.000000
-2842347.000000
-2843258.000000
-2844180.000000
-2845278.000000
-2846343.000000
-2847463.000000
-2848506.000000
-2849615.000000
-2850559.000000
-2851624.000000
-2852689.000000
-2853677.000000
-2854764.000000
-2855752.000000
-2856806.000000
-2858003.000000
-2859057.000000
-2860078.000000
-2861209.000000
-2862307.000000
-2863405.000000
-2864393.000000
-2865458.000000
-2866567.000000
-2867665.000000
-2868741.000000
-2869850.000000
-2870937.000000
-2871936.000000
-2872979.000000
-2874088.000000
-2875208.000000
-2876339.000000
-2877371.000000
-2878359.000000
-2879490.000000
-2880456.000000
-2881532.000000
-2882597.000000
-2883552.000000
-2884485.000000
-2885517.000000
-2886582.000000
-2887691.000000
-2888778.000000
-2889832.000000
-2890809.000000
-2891885.000000
-2892961.000000
-2894169.000000
-2895278.000000
-2896409.000000
-2897529.000000
-2898605.000000
-2899692.000000
-2900768.000000
-2901723.000000
-2902744.000000
-2903776.000000
-2904841.000000
-2906005.000000
-2907048.000000
-2908080.000000
-2909112.000000
-2910166.000000
-2911176.000000
-2912230.000000
-2913295.000000
-2914382.000000
-2915425.000000
-2916501.000000
-2917621.000000
-2918708.000000
-2919795.000000
-2920849.000000
-2921969.000000
-2923111.000000
-2924187.000000
-2925219.000000
-2926273.000000
-2927283.000000
-2928381.000000
-2929534.000000
-2930533.000000
-2931675.000000
-2932652.000000
-2933750.000000
-2934848.000000
-2936001.000000
-2937077.000000
-2938219.000000
-2939185.000000
-2940261.000000
-2941304.000000
-2942369.000000
-2943423.000000
-2944488.000000
-2945597.000000
-2946629.000000
-2947584.000000
-2948550.000000
-2949681.000000
-2950834.000000
-2951921.000000
-2953074.000000
-2954183.000000
-2955226.000000
-2956379.000000
-2957378.000000
-2958476.000000
-2959596.000000
-2960617.000000
-2961671.000000
-2962725.000000
-2963735.000000
-2964668.000000
-2965722.000000
-2966754.000000
-2967819.000000
-2968862.000000
-2969949.000000
-2971091.000000
-2972101.000000
-2973221.000000
-2974264.000000
-2975351.000000
-2976471.000000
-2977470.000000
-2978524.000000
-2979633.000000
-2980599.000000
-2981675.000000
-2982762.000000
-2983871.000000
-2984859.000000
-2985957.000000
-2987066.000000
-2988208.000000
-2989372.000000
-2990503.000000
-2991645.000000
-2992765.000000
-2993841.000000
-2994961.000000
-2996015.000000
-2997102.000000
-2998244.000000
-2999298.000000
-3000363.000000
-3001483.000000
-3002548.000000
-3003745.000000
-3004821.000000
-3005864.000000
-3006841.000000
-3008005.000000
-3009037.000000
-3010080.000000
-3011222.000000
-3012309.000000
-3013374.000000
-3014472.000000
-3015592.000000
-3016635.000000
-3017799.000000
-3018886.000000
-3019896.000000
-3021049.000000
-3022092.000000
-3023179.000000
-3024233.000000
-3025298.000000
-3026396.000000
-3027505.000000
-3028559.000000
-3029624.000000
-3030612.000000
-3031798.000000
-3032995.000000
-3034016.000000
-3035015.000000
-3036080.000000
-3037123.000000
-3038166.000000
-3039132.000000
-3040197.000000
-3041372.000000
-3042514.000000
-3043524.000000
-3044666.000000
-3045654.000000
-3046730.000000
-3047784.000000
-3048838.000000
-3049903.000000
-3051056.000000
-3052154.000000
-3053153.000000
-3054141.000000
-3055206.000000
-3056150.000000
-3057226.000000
-3058401.000000
-3059433.000000
-3060487.000000
-3061574.000000
-3062716.000000
-3063682.000000
-3064835.000000
-3065922.000000
-3067009.000000
-3068041.000000
-3069073.000000
-3070094.000000
-3071093.000000
-3072180.000000
-3073300.000000
-3074398.000000
-3075408.000000
-3076495.000000
-3077516.000000
-3078548.000000
-3079657.000000
-3080766.000000
-3081743.000000
-3082907.000000
-3084027.000000
-3085070.000000
-3086124.000000
-3087167.000000
-3088232.000000
-3089363.000000
-3090417.000000
-3091504.000000
-3092701.000000
-3093744.000000
-3094809.000000
-3095874.000000
-3096983.000000
-3098092.000000
-3099201.000000
-3100321.000000
-3101419.000000
-3102517.000000
-3103505.000000
-3104625.000000
-3105756.000000
-3106854.000000
-3107919.000000
-3109028.000000
-3110148.000000
-3111246.000000
-3112410.000000
-3113519.000000
-3114617.000000
-3115627.000000
-3116626.000000
-3117625.000000
-3118723.000000
-3119865.000000
-3121029.000000
-3122083.000000
-3123181.000000
-3124202.000000
-3125201.000000
-3126277.000000
-3127364.000000
-3128506.000000
-3129516.000000
-3130581.000000
-3131668.000000
-3132788.000000
-3133754.000000
-3134918.000000
-3136005.000000
-3137059.000000
-3138245.000000
-3139321.000000
-3140408.000000
-3141429.000000
-3142516.000000
-3143625.000000
-3144756.000000
-3145821.000000
-3146875.000000
-3147918.000000
-3149049.000000
-3150048.000000
-3151036.000000
-3152112.000000
-3153309.000000
-3154407.000000
-3155472.000000
-3156603.000000
-3157679.000000
-3158678.000000
-3159787.000000
-3160863.000000
-3161917.000000
-3163004.000000
-3164102.000000
-3165178.000000
-3166221.000000
-3167253.000000
-3168230.000000
-3169416.000000
-3170580.000000
-3171667.000000
-3172666.000000
-3173819.000000
-3174928.000000
-3176015.000000
-3176981.000000
-3178068.000000
-3179177.000000
-3180264.000000
-3181285.000000
-3182350.000000
-3183393.000000
-3184480.000000
-3185545.000000
-3186632.000000
-3187752.000000
-3188795.000000
-3189882.000000
-3190925.000000
-3192012.000000
-3193000.000000
-3194065.000000
-3195152.000000
-3196272.000000
-3197359.000000
-3198325.000000
-3199401.000000
-3200488.000000
-3201641.000000
-3202706.000000
-3203760.000000
-3204869.000000
-3205912.000000
-3207065.000000
-3208152.000000
-3209206.000000
-3210227.000000
-3211281.000000
-3212280.000000
-3213279.000000
-3214344.000000
-3215365.000000
-3216474.000000
-3217528.000000
-3218604.000000
-3219724.000000
-3220800.000000
-3221876.000000
-3222963.000000
-3223962.000000
-3225049.000000
-3226114.000000
-3227190.000000
-3228244.000000
-3229375.000000
-3230374.000000
-3231494.000000
-3232559.000000
-3233657.000000
-3234711.000000
-3235798.000000
-3236852.000000
-3237917.000000
-3239070.000000
-3240278.000000
-3241299.000000
-3242408.000000
-3243517.000000
-3244560.000000
-3245724.000000
-3246800.000000
-3247909.000000
-3248963.000000
-3250116.000000
-3251214.000000
-3252345.000000
-3253487.000000
-3254607.000000
-3255661.000000
-3256693.000000
-3257868.000000
-3258933.000000
-3260086.000000
-3261206.000000
-3262216.000000
-3263237.000000
-3264335.000000
-3265378.000000
-3266443.000000
-3267563.000000
-3268573.000000
-3269616.000000
-3270670.000000
-3271757.000000
-3272789.000000
-3273876.000000
-3274974.000000
-3276017.000000
-3277104.000000
-3278147.000000
-3279102.000000
-3280222.000000
-3281298.000000
-3282286.000000
-3283450.000000
-3284526.000000
-3285613.000000
-3286678.000000
-3287732.000000
-3288687.000000
-3289686.000000
-3290784.000000
-3291849.000000
-3292991.000000
-3294188.000000
-3295308.000000
-3296340.000000
-3297416.000000
-3298415.000000
-3299447.000000
-3300523.000000
-3301709.000000
-3302807.000000
-3303905.000000
-3305047.000000
-3306068.000000
-3307144.000000
-3308242.000000
-3309329.000000
-3310372.000000
-3311393.000000
-3312568.000000
-3313534.000000
-3314610.000000
-3315664.000000
-3316828.000000
-3317860.000000
-3318914.000000
-3320089.000000
-3321099.000000
-3322175.000000
-3323163.000000
-3324173.000000
-3325216.000000
-3326369.000000
-3327522.000000
-3328576.000000
-3329564.000000
-3330662.000000
-3331716.000000
-3332803.000000
-3333879.000000
-3334823.000000
-3335976.000000
-3337041.000000
-3338106.000000
-3339226.000000
-3340335.000000
-3341411.000000
-3342465.000000
-3343640.000000
-3344738.000000
-3345836.000000
-3346989.000000
-3348120.000000
-3349240.000000
-3350327.000000
-3351436.000000
-3352490.000000
-3353544.000000
-3354587.000000
-3355630.000000
-3356662.000000
-3357826.000000
-3358814.000000
-3359923.000000
-3360966.000000
-3361954.000000
-3363085.000000
-3364205.000000
-3365303.000000
-3366478.000000
-3367620.000000
-3368663.000000
-3369783.000000
-3370936.000000
-3371990.000000
-3373088.000000
-3374175.000000
-3375207.000000
-3376239.000000
-3377260.000000
-3378336.000000
-3379412.000000
-3380565.000000
-3381630.000000
-3382640.000000
-3383760.000000
-3384913.000000
-3386055.000000
-3387164.000000
-3388229.000000
-3389184.000000
-3390282.000000
-3391336.000000
-3392478.000000
-3393598.000000
-3394652.000000
-3395772.000000
-3396892.000000
-3397946.000000
-3399044.000000
-3400076.000000
-3401185.000000
-3402239.000000
-3403326.000000
-3404358.000000
-3405467.000000
-3406543.000000
-3407740.000000
-3408838.000000
-3409826.000000
-3410814.000000
-3411901.000000
-3412933.000000
-3413976.000000
-3415008.000000
-3416117.000000
-3417171.000000
-3418313.000000
-3419389.000000
-3420454.000000
-3421508.000000
-3422529.000000
-3423605.000000
-3424637.000000
-3425790.000000
-3426844.000000
-3427854.000000
-3428952.000000
-3430105.000000
-3431148.000000
-3432224.000000
-3433289.000000
-3434244.000000
-3435309.000000
-3436385.000000
-3437494.000000
-3438592.000000
-3439613.000000
-3440755.000000
-3441809.000000
-3442907.000000
-3443972.000000
-3445070.000000
-3446135.000000
-3447178.000000
-3448276.000000
-3449363.000000
-3450483.000000
-3451581.000000
-3452701.000000
-3453810.000000
-3454908.000000
-3456061.000000
-3457049.000000
-3458092.000000
-3459201.000000
-3460266.000000
-3461331.000000
-3462341.000000
-3463296.000000
-3464361.000000
-3465415.000000
-3466469.000000
-3467479.000000
-3468566.000000
-3469598.000000
-3470564.000000
-3471585.000000
-3472650.000000
-3473748.000000
-3474813.000000
-3475878.000000
-3476998.000000
-3478129.000000
-3479205.000000
-3480391.000000
-3481423.000000
-3482477.000000
-3483608.000000
-3484684.000000
-3485727.000000
-3486803.000000
-3487824.000000
-3488933.000000
-3489976.000000
-3491129.000000
-3492260.000000
-3493358.000000
-3494467.000000
-3495576.000000
-3496597.000000
-3497728.000000
-3498925.000000
-3500089.000000
-3501099.000000
-3502076.000000
-3503218.000000
-3504217.000000
-3505304.000000
-3506325.000000
-3507368.000000
-3508422.000000
-3509399.000000
-3510574.000000
-3511606.000000
-3512704.000000
-3513813.000000
-3514955.000000
-3516119.000000
-3517217.000000
-3518359.000000
-3519523.000000
-3520555.000000
-3521609.000000
-3522707.000000
-3523827.000000
-3524892.000000
-3525957.000000
-3527066.000000
-3528186.000000
-3529218.000000
-3530283.000000
-3531392.000000
-3532479.000000
-3533698.000000
-3534807.000000
-3535894.000000
-3536992.000000
-3538046.000000
-3539155.000000
-3540209.000000
-3541142.000000
-3542262.000000
-3543404.000000
-3544546.000000
-3545633.000000
-3546709.000000
-3547730.000000
-3548806.000000
-3549860.000000
-3550969.000000
-3552001.000000
-3553011.000000
-3554076.000000
-3555064.000000
-3556140.000000
-3557282.000000
-3558380.000000
-3559467.000000
-3560587.000000
-3561663.000000
-3562816.000000
-3563848.000000
-3564979.000000
-3566154.000000
-3567241.000000
-3568284.000000
-3569261.000000
-3570392.000000
-3571457.000000
-3572522.000000
-3573675.000000
-3574740.000000
-3575772.000000
-3576870.000000
-3577946.000000
-3579077.000000
-3580164.000000
-3581240.000000
-3582360.000000
-3583513.000000
-3584600.000000
-3585753.000000
-3586895.000000
-3587883.000000
-3588981.000000
-3590101.000000
-3591254.000000
-3592308.000000
-3593340.000000
-3594394.000000
-3595492.000000
-3596590.000000
-3597732.000000
-3598698.000000
-3599697.000000
-3600740.000000
-3601783.000000
-3602815.000000
-3603913.000000
-3605022.000000
-3606109.000000
-3607086.000000
-3608239.000000
-3609359.000000
-3610424.000000
-3611423.000000
-3612466.000000
-3613531.000000
-3614475.000000
-3615562.000000
-3616649.000000
-3617692.000000
-3618724.000000
-3619866.000000
-3620942.000000
-3621985.000000
-3622995.000000
-3624148.000000
-3625279.000000
-3626399.000000
-3627508.000000
-3628617.000000
-3629660.000000
-3630681.000000
-3631757.000000
-3632800.000000
-3633931.000000
-3635139.000000
-3636226.000000
-3637269.000000
-3638345.000000
-3639443.000000
-3640541.000000
-3641606.000000
-3642671.000000
-3643703.000000
-3644735.000000
-3645899.000000
-3646964.000000
-3648051.000000
-3649127.000000
-3650192.000000
-3651312.000000
-3652410.000000
-3653607.000000
-3654683.000000
-3655660.000000
-3656802.000000
-3657933.000000
-3658998.000000
-3660140.000000
-3661238.000000
-3662270.000000
-3663390.000000
-3664400.000000
-3665476.000000
-3666618.000000
-3667749.000000
-3668858.000000
-3669923.000000
-3671032.000000
-3672185.000000
-3673228.000000
-3674425.000000
-3675578.000000
-3676566.000000
-3677565.000000
-3678542.000000
-3679618.000000
-3680683.000000
-3681616.000000
-3682758.000000
-3683779.000000
-3684822.000000
-3685854.000000
-3686930.000000
-3687984.000000
-3689027.000000
-3690070.000000
-3691223.000000
-3692255.000000
-3693342.000000
-3694407.000000
-3695439.000000
-3696504.000000
-3697536.000000
-3698678.000000
-3699743.000000
-3700830.000000
-3701840.000000
-3702949.000000
-3703959.000000
-3705156.000000
-3706298.000000
-3707418.000000
-3708483.000000
-3709570.000000
-3710668.000000
-3711788.000000
-3712875.000000
-3713918.000000
-3714972.000000
-3716037.000000
-3717212.000000
-3718156.000000
-3719166.000000
-3720242.000000
-3721384.000000
-3722438.000000
-3723514.000000
-3724634.000000
-3725765.000000
-3726863.000000
-3727950.000000
-3729059.000000
-3730113.000000
-3731134.000000
-3732221.000000
-3733374.000000
-3734362.000000
-3735394.000000
-3736404.000000
-3737458.000000
-3738479.000000
-3739566.000000
-3740609.000000
-3741740.000000
-3742805.000000
-3743980.000000
-3745111.000000
-3746176.000000
-3747230.000000
-3748317.000000
-3749426.000000
-3750502.000000
-3751556.000000
-3752555.000000
-3753697.000000
-3754685.000000
-3755717.000000
-3756881.000000
-3757968.000000
-3759033.000000
-3760164.000000
-3761317.000000
-3762448.000000
-3763436.000000
-3764501.000000
-3765566.000000
-3766675.000000
-3767685.000000
-3768728.000000
-3769848.000000
-3770891.000000
-3771901.000000
-3772977.000000
-3774031.000000
-3775118.000000
-3776106.000000
-3777083.000000
-3778258.000000
-3779356.000000
-3780432.000000
-3781574.000000
-3782639.000000
-3783847.000000
-3784868.000000
-3785966.000000
-3787152.000000
-3788217.000000
-3789260.000000
-3790325.000000
-3791445.000000
-3792598.000000
-3793696.000000
-3794816.000000
-3795881.000000
-3797001.000000
-3798077.000000
-3799142.000000
-3800251.000000
-3801382.000000
-3802491.000000
-3803512.000000
-3804544.000000
-3805631.000000
-3806729.000000
-3807871.000000
-3808980.000000
-3810078.000000
-3811121.000000
-3812208.000000
-3813262.000000
-3814294.000000
-3815447.000000
-3816479.000000
-3817511.000000
-3818587.000000
-3819564.000000
-3820739.000000
-3821848.000000
-3823001.000000
-3824132.000000
-3825219.000000
-3826284.000000
-3827349.000000
-3828425.000000
-3829534.000000
-3830643.000000
-3831719.000000
-3832784.000000
-3833827.000000
-3834947.000000
-3836023.000000
-3837088.000000
-3838142.000000
-3839251.000000
-3840316.000000
-3841392.000000
-3842402.000000
-3843500.000000
-3844499.000000
-3845597.000000
-3846662.000000
-3847782.000000
-3848858.000000
-3849890.000000
-3850955.000000
-3852064.000000
-3853129.000000
-3854194.000000
-3855226.000000
-3856346.000000
-3857444.000000
-3858476.000000
-3859563.000000
-3860617.000000
-3861715.000000
-3862868.000000
-3863988.000000
-3865130.000000
-3866118.000000
-3867139.000000
-3868281.000000
-3869401.000000
-3870444.000000
-3871553.000000
-3872640.000000
-3873705.000000
-3874803.000000
-3875835.000000
-3876867.000000
-3877910.000000
-3878909.000000
-3880040.000000
-3881028.000000
-3882071.000000
-3883147.000000
-3884223.000000
-3885387.000000
-3886496.000000
-3887550.000000
-3888648.000000
-3889790.000000
-3890833.000000
-3891909.000000
-3892897.000000
-3893973.000000
-3895060.000000
-3896070.000000
-3897190.000000
-3898255.000000
-3899430.000000
-3900396.000000
-3901483.000000
-3902614.000000
-3903646.000000
-3904788.000000
-3905875.000000
-3906929.000000
-3908038.000000
-3909180.000000
-3910278.000000
-3911398.000000
-3912331.000000
-3913407.000000
-3914450.000000
-3915581.000000
-3916701.000000
-3917854.000000
-3918952.000000
-3920028.000000
-3921082.000000
-3922213.000000
-3923333.000000
-3924475.000000
-3925507.000000
-3926495.000000
-3927593.000000
-3928691.000000
-3929723.000000
-3930810.000000
-3931886.000000
-3932940.000000
-3934049.000000
-3935103.000000
-3936256.000000
-3937332.000000
-3938419.000000
-3939473.000000
-3940593.000000
-3941713.000000
-3942646.000000
-3943755.000000
-3944809.000000
-3945896.000000
-3946972.000000
-3947927.000000
-3949047.000000
-3950134.000000
-3951166.000000
-3952176.000000
-3953252.000000
-3954328.000000
-3955470.000000
-3956590.000000
-3957666.000000
-3958775.000000
-3959917.000000
-3960982.000000
-3962080.000000
-3963123.000000
-3964232.000000
-3965253.000000
-3966329.000000
-3967460.000000
-3968525.000000
-3969590.000000
-3970732.000000
-3971775.000000
-3972928.000000
-3974015.000000
-3975146.000000
-3976266.000000
-3977375.000000
-3978418.000000
-3979538.000000
-3980658.000000
-3981745.000000
-3982876.000000
-3983952.000000
-3984995.000000
-3985972.000000
-3987037.000000
-3988179.000000
-3989299.000000
-3990419.000000
-3991385.000000
-3992428.000000
-3993570.000000
-3994712.000000
-3995766.000000
-3996886.000000
-3997973.000000
-3999082.000000
-4000136.000000
-4001245.000000
-4002321.000000
-4003419.000000
-4004462.000000
-4005571.000000
-4006581.000000
-4007756.000000
-4008755.000000
-4009820.000000
-4010797.000000
-4011840.000000
-4012894.000000
-4014102.000000
-4015167.000000
-4016287.000000
-4017297.000000
-4018406.000000
-4019526.000000
-4020613.000000
-4021678.000000
-4022765.000000
-4023940.000000
-4025027.000000
-4026125.000000
-4027201.000000
-4028178.000000
-4029199.000000
-4030297.000000
-4031395.000000
-4032537.000000
-4033657.000000
-4034711.000000
-4035798.000000
-4036885.000000
-4037906.000000
-4038971.000000
-4040003.000000
-4041035.000000
-4042177.000000
-4043198.000000
-4044296.000000
-4045328.000000
-4046415.000000
-4047414.000000
-4048479.000000
-4049555.000000
-4050642.000000
-4051762.000000
-4052838.000000
-4053881.000000
-4054990.000000
-4056165.000000
-4057318.000000
-4058405.000000
-4059525.000000
-4060634.000000
-4061677.000000
-4062786.000000
-4063851.000000
-4064916.000000
-4065915.000000
-4066848.000000
-4067792.000000
-4068758.000000
-4069801.000000
-4070833.000000
-4072008.000000
-4073051.000000
-4074160.000000
-4075170.000000
-4076257.000000
-4077355.000000
-4078431.000000
-4079452.000000
-4080495.000000
-4081593.000000
-4082614.000000
-4083778.000000
-4084810.000000
-4085941.000000
-4087094.000000
-4088170.000000
-4089279.000000
-4090388.000000
-4091497.000000
-4092606.000000
-4093605.000000
-4094670.000000
-4095779.000000
-4096833.000000
-4097898.000000
-4099007.000000
-4100028.000000
-4101060.000000
-4102169.000000
-4103289.000000
-4104420.000000
-4105496.000000
-4106583.000000
-4107725.000000
-4108878.000000
-4109932.000000
-4111030.000000
-4112073.000000
-4113061.000000
-4114137.000000
-4115191.000000
-4116333.000000
-4117420.000000
-4118463.000000
-4119539.000000
-4120604.000000
-4121658.000000
-4122767.000000
-4123821.000000
-4124930.000000
-4126050.000000
-4127159.000000
-4128312.000000
-4129289.000000
-4130332.000000
-4131430.000000
-4132528.000000
-4133571.000000
-4134581.000000
-4135657.000000
-4136777.000000
-4137886.000000
-4138896.000000
-4139928.000000
-4140993.000000
-4142025.000000
-4143035.000000
-4144056.000000
-4145198.000000
-4146263.000000
-4147372.000000
-4148514.000000
-4149612.000000
-4150688.000000
-4151687.000000
-4152829.000000
-4153993.000000
-4155201.000000
-4156255.000000
-4157353.000000
-4158451.000000
-4159483.000000
-4160636.000000
-4161712.000000
-4162766.000000
-4163875.000000
-4164995.000000
-4166060.000000
-4167092.000000
-4168223.000000
-4169321.000000
-4170419.000000
-4171396.000000
-4172450.000000
-4173416.000000
-4174514.000000
-4175546.000000
-4176600.000000
-4177643.000000
-4178796.000000
-4179883.000000
-4181036.000000
-4182123.000000
-4183166.000000
-4184352.000000
-4185406.000000
-4186471.000000
-4187657.000000
-4188733.000000
-4189798.000000
-4190819.000000
-4191917.000000
-4193026.000000
-4194091.000000
-4195123.000000
-4196232.000000
-4197264.000000
-4198373.000000
-4199504.000000
-4200657.000000
-4201777.000000
-4202798.000000
-4203863.000000
-4204895.000000
-4205993.000000
-4207113.000000
-4208255.000000
-4209386.000000
-4210484.000000
-4211659.000000
-4212779.000000
-4213899.000000
-4214975.000000
-4216040.000000
-4217072.000000
-4218049.000000
-4219147.000000
-4220201.000000
-4221299.000000
-4222364.000000
-4223506.000000
-4224604.000000
-4225658.000000
-4226811.000000
-4227887.000000
-4228974.000000
-4230094.000000
-4231225.000000
-4232312.000000
-4233410.000000
-4234475.000000
-4235551.000000
-4236539.000000
-4237626.000000
-4238724.000000
-4239767.000000
-4240887.000000
-4241996.000000
-4243039.000000
-4244170.000000
-4245224.000000
-4246311.000000
-4247497.000000
-4248617.000000
-4249671.000000
-4250725.000000
-4251801.000000
-4252976.000000
-4254118.000000
-4255106.000000
-4256182.000000
-4257247.000000
-4258268.000000
-4259410.000000
-4260508.000000
-4261595.000000
-4262704.000000
-4263747.000000
-4264834.000000
-4265932.000000
-4267118.000000
-4268194.000000
-4269259.000000
-4270324.000000
-4271400.000000
-4272509.000000
-4273629.000000
-4274705.000000
-4275781.000000
-4276857.000000
-4277911.000000
-4278954.000000
-4280041.000000
-4281161.000000
-4282281.000000
-4283335.000000
-4284510.000000
-4285663.000000
-4286816.000000
-4287892.000000
-4289001.000000
-4290121.000000
-4291263.000000
-4292449.000000
-4293569.000000
-4294590.000000
-4295589.000000
-4296621.000000
-4297686.000000
-4298685.000000
-4299728.000000
-4300815.000000
-4301924.000000
-4302989.000000
-4304109.000000
-4305141.000000
-4306239.000000
-4307260.000000
-4308358.000000
-4309445.000000
-4310510.000000
-4311520.000000
-4312552.000000
-4313595.000000
-4314704.000000
-4315736.000000
-4316801.000000
-4317921.000000
-4318931.000000
-4320062.000000
-4321116.000000
-4322236.000000
-4323334.000000
-4324388.000000
-4325442.000000
-4326529.000000
-4327539.000000
-4328703.000000
-4329713.000000
-4330756.000000
-4331898.000000
-4332908.000000
-4333918.000000
-4335082.000000
-4336180.000000
-4337223.000000
-4338288.000000
-4339419.000000
-4340594.000000
-4341626.000000
-4342746.000000
-4343767.000000
-4344909.000000
-4345996.000000
-4347083.000000
-4348225.000000
-4349235.000000
-4350278.000000
-4351354.000000
-4352463.000000
-4353583.000000
-4354725.000000
-4355779.000000
-4356822.000000
-4357898.000000
-4358930.000000
-4360006.000000
-4361148.000000
-4362202.000000
-4363322.000000
-4364420.000000
-4365551.000000
-4366715.000000
-4367703.000000
-4368867.000000
-4369965.000000
-4371019.000000
-4372084.000000
-4373204.000000
-4374280.000000
-4375411.000000
-4376421.000000
-4377508.000000
-4378562.000000
-4379726.000000
-4380923.000000
-4381922.000000
-4382976.000000
-4384074.000000
-4385106.000000
-4386226.000000
-4387335.000000
-4388356.000000
-4389399.000000
-4390409.000000
-4391430.000000
-4392561.000000
-4393604.000000
-4394691.000000
-4395756.000000
-4396821.000000
-4397908.000000
-4398929.000000
-4399972.000000
-4401059.000000
-4402124.000000
-4403079.000000
-4404166.000000
-4405209.000000
-4406373.000000
-4407471.000000
-4408624.000000
-4409678.000000
-4410743.000000
-4411786.000000
-4412873.000000
-4413927.000000
-4415091.000000
-4416178.000000
-4417331.000000
-4418352.000000
-4419450.000000
-4420548.000000
-4421558.000000
-4422568.000000
-4423633.000000
-4424720.000000
-4425774.000000
-4426828.000000
-4427948.000000
-4429068.000000
-4430089.000000
-4431231.000000
-4432384.000000
-4433548.000000
-4434580.000000
-4435667.000000
-4436776.000000
-4437819.000000
-4438917.000000
-4439927.000000
-4441069.000000
-4442156.000000
-4443221.000000
-4444275.000000
-4445384.000000
-4446339.000000
-4447481.000000
-4448557.000000
-4449688.000000
-4450808.000000
-4451884.000000
-4452971.000000
-4454146.000000
-4455211.000000
-4456232.000000
-4457231.000000
-4458274.000000
-4459460.000000
-4460492.000000
-4461601.000000
-4462732.000000
-4463830.000000
-4464972.000000
-4466059.000000
-4467179.000000
-4468233.000000
-4469232.000000
-4470341.000000
-4471373.000000
-4472559.000000
-4473624.000000
-4474656.000000
-4475666.000000
-4476698.000000
-4477741.000000
-4478795.000000
-4479959.000000
-4481046.000000
-4482067.000000
-4483121.000000
-4484153.000000
-4485306.000000
-4486448.000000
-4487502.000000
-4488567.000000
-4489687.000000
-4490763.000000
-4491883.000000
-4492882.000000
-4493991.000000
-4495111.000000
-4496187.000000
-4497285.000000
-4498383.000000
-4499393.000000
-4500403.000000
-4501479.000000
-4502533.000000
-4503642.000000
-4504762.000000
-4505805.000000
-4506881.000000
-4508001.000000
-4509110.000000
-4510274.000000
-4511361.000000
-4512503.000000
-4513546.000000
-4514534.000000
-4515610.000000
-4516763.000000
-4517762.000000
-4518849.000000
-4519914.000000
-4521045.000000
-4522143.000000
-4523274.000000
-4524449.000000
-4525415.000000
-4526535.000000
-4527611.000000
-4528654.000000
-4529763.000000
-4530850.000000
-4531959.000000
-4533123.000000
-4534188.000000
-4535231.000000
-4536263.000000
-4537361.000000
-4538525.000000
-4539491.000000
-4540589.000000
-4541610.000000
-4542675.000000
-4543685.000000
-4544827.000000
-4545969.000000
-4546990.000000
-4548110.000000
-4549296.000000
-4550394.000000
-4551459.000000
-4552524.000000
-4553677.000000
-4554775.000000
-4555884.000000
-4557048.000000
-4558146.000000
-4559299.000000
-4560408.000000
-4561561.000000
-4562637.000000
-4563724.000000
-4564734.000000
-4565832.000000
-4566886.000000
-4567984.000000
-4568983.000000
-4570081.000000
-4571157.000000
-4572277.000000
-4573364.000000
-4574396.000000
-4575505.000000
-4576603.000000
-4577745.000000
-4578766.000000
-4579864.000000
-4580907.000000
-4581873.000000
-4582916.000000
-4584036.000000
-4585211.000000
-4586331.000000
-4587418.000000
-4588483.000000
-4589603.000000
-4590591.000000
-4591568.000000
-4592622.000000
-4593643.000000
-4594763.000000
-4595861.000000
-4597025.000000
-4598167.000000
-4599199.000000
-4600275.000000
-4601406.000000
-4602603.000000
-4603712.000000
-4604799.000000
-4605864.000000
-4606918.000000
-4607983.000000
-4609136.000000
-4610157.000000
-4611266.000000
-4612397.000000
-4613462.000000
-4614516.000000
-4615614.000000
-4616635.000000
-4617722.000000
-4618875.000000
-4619852.000000
-4620917.000000
-4621993.000000
-4623047.000000
-4624156.000000
-4625122.000000
-4626242.000000
-4627296.000000
-4628350.000000
-4629448.000000
-4630513.000000
-4631567.000000
-4632643.000000
-4633697.000000
-4634795.000000
-4635761.000000
-4636749.000000
-4637869.000000
-4638923.000000
-4639933.000000
-4641075.000000
-4642195.000000
-4643271.000000
-4644314.000000
-4645445.000000
-4646455.000000
-4647619.000000
-4648750.000000
-4649892.000000
-4651012.000000
-4652077.000000
-4653175.000000
-4654372.000000
-4655426.000000
-4656491.000000
-4657589.000000
-4658654.000000
-4659686.000000
-4660806.000000
-4661904.000000
-4663013.000000
-4664078.000000
-4665231.000000
-4666263.000000
-4667350.000000
-4668437.000000
-4669546.000000
-4670611.000000
-4671610.000000
-4672642.000000
-4673674.000000
-4674783.000000
-4675804.000000
-4676913.000000
-4678022.000000
-4679043.000000
-4679998.000000
-4681052.000000
-4682084.000000
-4683127.000000
-4684148.000000
-4685224.000000
-4686289.000000
-4687431.000000
-4688496.000000
-4689605.000000
-4690670.000000
-4691614.000000
-4692712.000000
-4693931.000000
-4695084.000000
-4696105.000000
-4697236.000000
-4698356.000000
-4699388.000000
-4700475.000000
-4701496.000000
-4702682.000000
-4703780.000000
-4704922.000000
-4706031.000000
-4707118.000000
-4708183.000000
-4709270.000000
-4710335.000000
-4711411.000000
-4712465.000000
-4713541.000000
-4714694.000000
-4715737.000000
-4716769.000000
-4717856.000000
-4718888.000000
-4719942.000000
-4721018.000000
-4722061.000000
-4723093.000000
-4724015.000000
-4725135.000000
-4726277.000000
-4727243.000000
-4728308.000000
-4729406.000000
-4730460.000000
-4731481.000000
-4732612.000000
-4733578.000000
-4734665.000000
-4735686.000000
-4736817.000000
-4737904.000000
-4739013.000000
-4740199.000000
-4741319.000000
-4742494.000000
-4743537.000000
-4744679.000000
-4745645.000000
-4746633.000000
-4747819.000000
-4748917.000000
-4749993.000000
-4751091.000000
-4752222.000000
-4753276.000000
-4754418.000000
-4755483.000000
-4756504.000000
-4757580.000000
-4758623.000000
-4759721.000000
-4760874.000000
-4761950.000000
-4763037.000000
-4764102.000000
-4765112.000000
-4766144.000000
-4767308.000000
-4768362.000000
-4769438.000000
-4770492.000000
-4771568.000000
-4772732.000000
-4773830.000000
-4774939.000000
-4775993.000000
-4777091.000000
-4778255.000000
-4779408.000000
-4780517.000000
-4781582.000000
-4782669.000000
-4783745.000000
-4784821.000000
-4785963.000000
-4786973.000000
-4787994.000000
-4788993.000000
-4790025.000000
-4791024.000000
-4792111.000000
-4793198.000000
-4794252.000000
-4795284.000000
-4796316.000000
-4797425.000000
-4798457.000000
-4799522.000000
-4800554.000000
-4801575.000000
-4802761.000000
-4803903.000000
-4805034.000000
-4806143.000000
-4807263.000000
-4808372.000000
-4809415.000000
-4810491.000000
-4811600.000000
-4812687.000000
-4813664.000000
-4814718.000000
-4815816.000000
-4816859.000000
-4817913.000000
-4818912.000000
-4819966.000000
-4821119.000000
-4822129.000000
-4823194.000000
-4824314.000000
-4825357.000000
-4826433.000000
-4827564.000000
-4828673.000000
-4829738.000000
-4830726.000000
-4831835.000000
-4832955.000000
-4834042.000000
-4835085.000000
-4836084.000000
-4837116.000000
-4838236.000000
-4839345.000000
-4840399.000000
-4841453.000000
-4842518.000000
-4843561.000000
-4844659.000000
-4845658.000000
-4846712.000000
-4847799.000000
-4848853.000000
-4849940.000000
-4851038.000000
-4852103.000000
-4853168.000000
-4854222.000000
-4855309.000000
-4856374.000000
-4857516.000000
-4858625.000000
-4859602.000000
-4860788.000000
-4861853.000000
-4862962.000000
-4863983.000000
-4865103.000000
-4866179.000000
-4867277.000000
-4868441.000000
-4869572.000000
-4870593.000000
-4871526.000000
-4872646.000000
-4873689.000000
-4874842.000000
-4875896.000000
-4876939.000000
-4878026.000000
-4879113.000000
-4880222.000000
-4881386.000000
-4882451.000000
-4883516.000000
-4884548.000000
-4885701.000000
-4886700.000000
-4887743.000000
-4888874.000000
-4889950.000000
-4891048.000000
-4892102.000000
-4893189.000000
-4894320.000000
-4895319.000000
-4896384.000000
-4897449.000000
-4898558.000000
-4899678.000000
-4900710.000000
-4901830.000000
-4902906.000000
-4903949.000000
-4905080.000000
-4906101.000000
-4907122.000000
-4908176.000000
-4909241.000000
-4910383.000000
-4911481.000000
-4912546.000000
-4913556.000000
-4914676.000000
-4915774.000000
-4916872.000000
-4917948.000000
-4919101.000000
-4920144.000000
-4921330.000000
-4922439.000000
-4923537.000000
-4924591.000000
-4925711.000000
-4926809.000000
-4927907.000000
-4928961.000000
-4930147.000000
-4931278.000000
-4932453.000000
-4933540.000000
-4934605.000000
-4935637.000000
-4936757.000000
-4937855.000000
-4938909.000000
-4939996.000000
-4941083.000000
-4942170.000000
-4943301.000000
-4944333.000000
-4945354.000000
-4946397.000000
-4947506.000000
-4948516.000000
-4949636.000000
-4950778.000000
-4951854.000000
-4952985.000000
-4954072.000000
-4955225.000000
-4956268.000000
-4957300.000000
-4958365.000000
-4959551.000000
-4960583.000000
-4961670.000000
-4962757.000000
-4963789.000000
-4964898.000000
-4965952.000000
-4967061.000000
-4968104.000000
-4969191.000000
-4970146.000000
-4971189.000000
-4972210.000000
-4973330.000000
-4974417.000000
-4975548.000000
-4976569.000000
-4977755.000000
-4978776.000000
-4979863.000000
-4980895.000000
-4982004.000000
-4983201.000000
-4984255.000000
-4985276.000000
-4986330.000000
-4987417.000000
-4988537.000000
-4989646.000000
-4990799.000000
-4991853.000000
-4992896.000000
-4993972.000000
-4995004.000000
-4996124.000000
-4997233.000000
-4998298.000000
-4999275.000000
-5000351.000000
-5001416.000000
-5002569.000000
-5003711.000000
-5004798.000000
-5005852.000000
-5006906.000000
-5007960.000000
-5009014.000000
-5010167.000000
-5011199.000000
-5012363.000000
-5013450.000000
-5014482.000000
-5015624.000000
-5016744.000000
-5017820.000000
-5018885.000000
-5019928.000000
-5021048.000000
-5022047.000000
-5023057.000000
-5024045.000000
-5025198.000000
-5026285.000000
-5027438.000000
-5028481.000000
-5029524.000000
-5030600.000000
-5031632.000000
-5032620.000000
-5033707.000000
-5034816.000000
-5035892.000000
-5036924.000000
-5037945.000000
-5039032.000000
-5040075.000000
-5041217.000000
-5042381.000000
-5043468.000000
-5044588.000000
-5045675.000000
-5046729.000000
-5047794.000000
-5048914.000000
-5049913.000000
-5051044.000000
-5052109.000000
-5053185.000000
-5054206.000000
-5055282.000000
-5056347.000000
-5057500.000000
-5058543.000000
-5059586.000000
-5060651.000000
-5061694.000000
-5062836.000000
-5063923.000000
-5064999.000000
-5066031.000000
-5067129.000000
-5068238.000000
-5069380.000000
-5070478.000000
-5071620.000000
-5072751.000000
-5073783.000000
-5074826.000000
-5075891.000000
-5077055.000000
-5078175.000000
-5079251.000000
-5080261.000000
-5081381.000000
-5082446.000000
-5083357.000000
-5084466.000000
-5085465.000000
-5086585.000000
-5087628.000000
-5088693.000000
-5089813.000000
-5090878.000000
-5091921.000000
-5092997.000000
-5094007.000000
-5095160.000000
-5096214.000000
-5097312.000000
-5098421.000000
-5099398.000000
-5100408.000000
-5101517.000000
-5102648.000000
-5103724.000000
-5104767.000000
-5105755.000000
-5106886.000000
-5108039.000000
-5109137.000000
-5110268.000000
-5111300.000000
-5112420.000000
-5113540.000000
-5114605.000000
-5115538.000000
-5116570.000000
-5117646.000000
-5118755.000000
-5119809.000000
-5120896.000000
-5121994.000000
-5123092.000000
-5124146.000000
-5125266.000000
-5126298.000000
-5127385.000000
-5128527.000000
-5129570.000000
-5130745.000000
-5131788.000000
-5132875.000000
-5133918.000000
-5135038.000000
-5136191.000000
-5137278.000000
-5138387.000000
-5139485.000000
-5140561.000000
-5141637.000000
-5142735.000000
-5143855.000000
-5144920.000000
-5146018.000000
-5147116.000000
-5148203.000000
-5149356.000000
-5150410.000000
-5151464.000000
-5152485.000000
-5153550.000000
-5154604.000000
-5155735.000000
-5156767.000000
-5157832.000000
-5158787.000000
-5159929.000000
-5160928.000000
-5161938.000000
-5162992.000000
-5164068.000000
-5165111.000000
-5166209.000000
-5167351.000000
-5168482.000000
-5169448.000000
-5170557.000000
-5171666.000000
-5172852.000000
-5173950.000000
-5175092.000000
-5176124.000000
-5177167.000000
-5178287.000000
-5179363.000000
-5180428.000000
-5181581.000000
-5182613.000000
-5183601.000000
-5184754.000000
-5185852.000000
-5186972.000000
-5187960.000000
-5188959.000000
-5190024.000000
-5191089.000000
-5192165.000000
-5193351.000000
-5194471.000000
-5195602.000000
-5196656.000000
-5197655.000000
-5198720.000000
-5199818.000000
-5200861.000000
-5201926.000000
-5203068.000000
-5204078.000000
-5205132.000000
-5206241.000000
-5207262.000000
-5208305.000000
-5209458.000000
-5210567.000000
-5211588.000000
-5212675.000000
-5213784.000000
-5214904.000000
-5215969.000000
-5217100.000000
-5218187.000000
-5219230.000000
-5220361.000000
-5221448.000000
-5222425.000000
-5223567.000000
-5224676.000000
-5225763.000000
-5226828.000000
-5227915.000000
-5228980.000000
-5230111.000000
-5231132.000000
-5232263.000000
-5233460.000000
-5234492.000000
-5235590.000000
-5236699.000000
-5237753.000000
-5238818.000000
-5239883.000000
-5240926.000000
-5241969.000000
-5243166.000000
-5244308.000000
-5245351.000000
-5246427.000000
-5247470.000000
-5248568.000000
-5249512.000000
-5250621.000000
-5251664.000000
-5252751.000000
-5253882.000000
-5254837.000000
-5255946.000000
-5257033.000000
-5258087.000000
-5259185.000000
-5260305.000000
-5261337.000000
-5262325.000000
-5263390.000000
-5264422.000000
-5265454.000000
-5266519.000000
-5267595.000000
-5268759.000000
-5269846.000000
-5270944.000000
-5271987.000000
-5273052.000000
-5274238.000000
-5275171.000000
-5276280.000000
-5277444.000000
-5278509.000000
-5279519.000000
-5280584.000000
-5281660.000000
-5282703.000000
-5283779.000000
-5284767.000000
-5285832.000000
-5286886.000000
-5287995.000000
-5289159.000000
-5290169.000000
-5291201.000000
-5292266.000000
-5293331.000000
-5294473.000000
-5295384.000000
-5296493.000000
-5297547.000000
-5298700.000000
-5299710.000000
-5300874.000000
-5301994.000000
-5303037.000000
-5304080.000000
-5305189.000000
-5306232.000000
-5307396.000000
-5308527.000000
-5309669.000000
-5310734.000000
-5311854.000000
-5312985.000000
-5314050.000000
-5315192.000000
-5316268.000000
-5317223.000000
-5318310.000000
-5319386.000000
-5320517.000000
-5321582.000000
-5322603.000000
-5323657.000000
-5324722.000000
-5325831.000000
-5326951.000000
-5327994.000000
-5329048.000000
-5330146.000000
-5331277.000000
-5332364.000000
-5333396.000000
-5334494.000000
-5335592.000000
-5336679.000000
-5337777.000000
-5338787.000000
-5339907.000000
-5341049.000000
-5342169.000000
-5343278.000000
-5344299.000000
-5345375.000000
-5346451.000000
-5347571.000000
-5348658.000000
-5349723.000000
-5350832.000000
-5351820.000000
-5352940.000000
-5354005.000000
-5355059.000000
-5356201.000000
-5357376.000000
-5358430.000000
-5359473.000000
-5360582.000000
-5361581.000000
-5362635.000000
-5363788.000000
-5364919.000000
-5366039.000000
-5367093.000000
-5368147.000000
-5369113.000000
-5370189.000000
-5371309.000000
-5372319.000000
-5373472.000000
-5374493.000000
-5375569.000000
-5376623.000000
-5377633.000000
-5378786.000000
-5379851.000000
-5380861.000000
-5381959.000000
-5383123.000000
-5384166.000000
-5385242.000000
-5386263.000000
-5387317.000000
-5388371.000000
-5389524.000000
-5390567.000000
-5391742.000000
-5392829.000000
-5393883.000000
-5394948.000000
-5396112.000000
-5397199.000000
-5398231.000000
-5399340.000000
-5400493.000000
-5401569.000000
-5402656.000000
-5403787.000000
-5404896.000000
-5405906.000000
-5406971.000000
-5408058.000000
-5409024.000000
-5410199.000000
-5411319.000000
-5412395.000000
-5413493.000000
-5414580.000000
-5415623.000000
-5416710.000000
-5417764.000000
-5418818.000000
-5419861.000000
-5420893.000000
-5421969.000000
-5422990.000000
-5424022.000000
-5425043.000000
-5426097.000000
-5427173.000000
-5428348.000000
-5429446.000000
-5430522.000000
-5431620.000000
-5432773.000000
-5433959.000000
-5435046.000000
-5436111.000000
-5437198.000000
-5438318.000000
-5439405.000000
-5440503.000000
